Input 0

100
368500824
425618567
21840517
248856364
375724309
93636909
200592903
159294237
423692063
365550946
182223608
151575716
351093316
68102235
48469835
43840336
272885142
214989864
317558550
41114238
281288444
234316406
344932035
330607452
106957091
369632058
274812803
210193357
205093280
18987634
250152698
404313125
203498009
251482415
320590109
8763141
353727785
562435
89365454
347345165
309975349
238569992
183423240
188448855
360489648
31918078
47765746
59936508
265150866
247034595
371381729
3435251
365547167
287877620
125519885
173116499
419292948
199129612
266522737
19029410
284585714
40798829
366511193
388748612
354713859
24983118
252271527
419313698
154355680
84021452
86456578
78466397
261237623
330945268
94900552
297423730
196701925
266063600
114409185
63586013
13108813
325256714
369557885
151202892
6182535
72871813
109450875
193996204
115209506
398797619
125443015
207452770
327366449
5439853
101338691
256973159
281357705
348897460
234163837
306453635
51

Input 1
150
14614950
553828
23613318
12245241
16792699
29963761
32137104
31812235
17367752
20523882
35113660
4402723
32345519
17290167
37048919
12466448
26375964
35702364
4672660
3737057
34526994
6985046
39352761
37914325
41791858
1985378
22150914
33166179
13630026
10132563
42087007
23510748
22867312
6090442
13482264
22218953
6878513
19025404
27445395
33247736
34371225
30929969
20022636
23889804
13714145
28506808
37296421
15091985
39432533
41855712
9183508
24064577
40671670
28863929
16474537
6437674
10910444
26333161
12970802
6331995
12129719
38005504
19872034
12775369
34756261
8228964
24939723
6481813
12589443
38726916
35880837
36645381
13036263
1357445
33450167
6623319
33694179
25295297
26034080
21376266
24419678
30800903
22496707
41173598
1682470
9832672
2050179
35585215
15142663
40513109
23372715
32842021
31224399
2323154
15450514
10647281
14145505
36921384
40382923
28288756
13253907
13276755
21509191
23971222
7138685
3233283
21747252
14686774
11879465
17080996
11084495
31813925
22321161
33441695
20945999
28205645
23882110
27485979
40767026
26652165
990241
29591434
14083004
14134631
41894841
30627840
869952
27179894
40497482
29249218
40865003
35146904
36933786
1046914
38903427
11512218
23412859
968383
9222816
4796919
30094228
16852586
3758843
42369245
41074854
41932139
28390905
15109136
8374993
33935168
1
Input 2
100
12170
30643
40353
26929
28970
46589
24099
42686
23126
13417
4151
43569
34968
45657
19057
9619
30964
10563
1270
13993
6268
12938
21087
18401
3497
32343
5861
26201
679
12053
20790
12375
6559
17035
10585
3912
38180
37671
3897
41865
13916
35198
40496
2352
12700
31100
21267
34910
34389
41923
9094
24178
1740
20009
1534
10667
8439
18656
2426
16516
14741
9722
32200
28497
42947
44496
42622
45065
14682
22863
11954
23364
43724
4676
18119
12882
41445
35153
6914
44593
5820
22077
29436
33347
19955
43837
44878
37827
40278
31902
29635
16690
44069
40756
19846
12589
39452
39545
10154
31674
25

Input 3
500
411925
355655
219617
269006
152784
438012
171334
127244
151311
195077
362456
377675
313189
252391
195468
25778
223936
154395
174086
39480
79528
220411
429923
131185
32585
113437
320455
321222
151797
311944
59601
268485
68942
105981
189666
190313
139466
288843
259490
202280
171257
182389
201460
206332
140333
299248
215312
42679
428913
160060
374963
33868
23793
307009
339471
152308
226748
165259
381714
157353
124881
255338
249737
320530
77533
233263
238544
224715
302177
251068
36043
109084
359271
137380
397301
278065
204031
41509
272496
267624
415242
82151
320942
128353
56243
46038
404317
288261
419051
136145
41503
25709
22052
379122
49926
43330
354561
47171
309454
334357
228202
440746
29875
419868
181615
403117
344825
384045
246201
91769
160602
147852
12172
153118
444497
64877
378491
75151
279942
216786
228157
96784
286612
250908
311423
40298
393925
55499
108769
275617
19794
355852
297733
256020
407318
326998
146051
102487
82761
374138
405984
262996
146100
295013
343328
154164
203268
68165
66203
57156
169083
16555
126132
256063
385240
204556
75271
262105
284151
119094
258670
19867
169171
111130
25031
203166
56024
287115
243328
407316
283952
88544
386977
72300
119511
183196
387704
287027
163262
147957
387731
306682
378321
334016
322918
339154
62532
262922
228803
418991
364023
65505
301121
175229
135808
228439
131908
367901
217394
248739
305901
313152
118745
210836
78529
324227
383203
52063
180523
230210
248183
375474
93174
43492
419420
17245
13191
16517
2055
61914
20239
218135
33979
131865
60647
219409
168030
301082
39256
402857
207008
157378
334052
144738
309365
376877
56624
128261
115634
3521
177439
2319
205077
424165
64851
236703
209797
366151
311578
339944
269841
414348
304296
41317
198060
42872
305787
277754
283264
121131
126227
441942
23479
41305
215236
267076
125230
236923
388011
410310
93343
254056
216654
374816
134690
322022
389348
321320
206456
75863
318901
144941
207676
439814
143771
3334
380543
129335
421013
165184
435005
295428
230144
313054
378197
337212
26910
317108
102434
61595
16118
87378
64979
280618
334726
298700
445876
2696
339015
216618
252227
434347
416336
65457
275956
143834
54933
196690
309480
140439
402743
212519
373370
125275
346422
119817
118629
293599
133744
341404
240947
199144
109403
169296
411816
278193
394825
60427
159270
225919
207968
203734
192241
101779
226962
207525
435067
418644
266399
307344
366034
310427
378198
330631
189534
341951
382647
356832
187704
13191
369844
83613
248048
15982
101386
434058
11351
278589
344442
279185
93055
32551
301422
393534
278855
372709
66703
309336
215711
275431
126750
175661
171044
425856
278634
35229
51783
241676
75917
431291
187892
411793
255917
127357
218219
94830
390785
316890
17124
60968
194584
5085
304128
113705
263392
346036
153167
3292
78105
50040
74045
383905
406676
271392
409823
84405
369469
366029
292345
285841
143034
174839
103587
438222
369922
430227
211440
157578
5008
212179
221874
396576
394474
91446
295724
248984
236630
195622
305309
85746
217381
406850
389204
281327
301101
149173
19972
311822
124163
210400
105259
12658
220641
281746
295651
52600
95155
236896
335579
237184
387143
261120
3285
20810
196364
114320
28763
159759
161680
421139
224691
328349
124976
193620
143585
116196
197982
70711
404549
193564
43488
109287
252472
443459
190240
402313
118448
72940
267354
205825
329450
374984
18079
239282
408610
2080
77074
166228
391792
391526
5

Input 4
50
9287
2756
14300
32929
7376
16649
24723
8269
9505
12355
24519
20244
1231
9970
21681
14908
10247
41492
36341
27777
29011
26808
10184
27221
11897
34911
3758
42873
23115
20954
18239
5532
33105
44122
6305
31045
5075
11997
18346
2555
13735
41955
4771
15449
5470
2759
37083
3579
15258
1360
21
Input 5

550
38701
45026
24703
14694
12556
23819
42887
21368
41162
21477
27524
17873
15501
21281
38066
26472
14917
25060
11636
24001
37757
16738
26497
32302
29036
41345
40922
28956
14640
26350
14574
39436
36580
12065
25906
15685
19147
22949
19389
21937
17670
24117
27161
16823
33426
11281
36120
45615
13389
17600
22807
21143
21057
32758
31521
24024
15647
32981
43798
32278
28558
31275
20671
21249
16337
28756
26258
28841
36496
27173
17322
44441
10059
43564
21349
16072
45737
43995
40162
40292
44894
14360
39628
12777
31516
38914
18172
15546
25729
27802
30998
31903
11128
19746
38879
25821
38921
40799
32802
45694
40770
26094
44274
10959
42218
33981
40299
29806
17269
23954
30745
41213
35754
37337
44250
41983
16042
39407
37677
10707
25543
32986
21431
25517
43523
30951
26491
35802
35141
31564
25496
40573
21136
40274
31795
28474
45804
23196
30404
42880
26210
22085
43385
21875
32971
37209
18367
32202
36399
44901
23141
24441
14529
27665
22374
34222
40380
27469
15285
21607
21625
23274
31680
38432
45525
11281
36499
41249
22420
18501
30405
35945
21330
29257
17655
32736
41198
35828
16229
32632
23353
13235
42989
33741
43435
12150
18956
18005
34141
28305
39588
34173
43992
43601
37256
23865
11223
40030
31965
19259
35770
39748
17780
35400
20814
16022
12407
14838
21239
38498
20022
27421
30850
31637
38886
29653
26015
19673
44251
26017
19620
16592
26547
29311
22575
13178
45391
13739
24345
40957
18604
29557
44679
44520
25038
35028
21277
33305
20885
15205
23382
19124
38475
30333
14363
10632
10626
17255
40294
12467
38447
23967
27932
21136
22792
22059
10292
22858
16993
20733
28727
25677
39744
21824
41520
43525
36910
27574
24586
41519
27224
19544
34281
29999
35560
38869
32301
17047
17251
20859
25580
35530
44594
33913
14999
17797
13230
31619
11414
15943
40195
19726
22515
26863
31528
45615
33470
33064
34387
26047
21074
34549
43284
43324
34377
12516
16188
37496
29897
17738
29055
25400
32627
34917
42359
12222
43685
26917
13190
23063
12392
40929
10121
43059
43575
21642
14591
24198
20164
23289
23655
20835
36154
29986
39488
45333
36666
30781
18074
24901
43569
45848
10394
13403
31749
33293
45276
11256
15187
25279
25921
31193
12480
16485
29530
33689
27733
13122
39827
40609
32251
19504
33262
17176
25913
44115
16572
41695
15076
16517
11607
15784
33802
28555
11996
16498
33804
16605
37752
28970
20879
25607
45793
35674
41356
30635
20073
24213
15652
21507
10876
39045
13566
37536
24946
24667
27724
32542
32829
26973
12783
41909
30275
41226
21037
41257
27849
14341
27225
19384
19932
24224
23854
19133
37808
39683
17291
32997
25880
36983
18316
25593
24165
10724
14167
22119
19055
22115
23442
17802
35644
30538
43102
18520
31890
27100
13205
16294
33935
44474
42472
13563
40860
14888
27411
29694
45639
19658
42252
42120
18721
20260
38525
37614
30860
36105
24619
41782
12242
45654
30644
32837
33366
11700
17735
32754
25248
32153
10416
33339
41927
44151
28728
38279
15539
18482
33153
33283
30416
23153
35022
35128
33516
21738
36312
31428
16995
35115
18254
12726
21275
21234
13762
40194
38942
15700
36742
39879
10762
39824
26837
18920
24702
29493
14175
22876
21193
39089
40993
11785
22183
41817
29424
14912
33446
13872
29842
40620
20957
36539
42003
32581
23431
28245
35735
33397
30773
18172
33253
44571
35512
12340
23226
30071
43128
11315
30246
14313
11544
10731
24748
23922
45847
38036
39809
24233
39695
41664
19801
11111
11
Input 6

55
3977491
3602381
3624279
4415276
1412472
453690
549400
949507
1607938
414593
258331
3239307
907314
2363499
2974241
757594
747325
1772820
3184282
2373109
1019595
1315835
3127431
3986638
1792433
182830
222433
2576444
4124878
3281211
3736607
2626610
853378
4239358
2555805
3648531
1487855
870169
649189
3205815
1631535
2039141
818700
4146841
3331888
3001340
3688373
3975859
2938496
4476622
1556338
1100084
1668424
650635
1729083
21

Input 7

75
950155
229357
811761
322146
662344
490100
922214
501468
428888
227760
501703
239740
398375
671725
149273
703235
458017
195617
589265
935404
887400
298514
368487
816372
94869
221590
459296
277438
945727
51092
552096
408886
848183
348762
920295
685547
55898
301171
133446
840805
752945
698222
720310
127219
5257
342168
367875
275186
519169
155317
868111
276270
856779
500291
738930
721368
844264
371571
659049
404163
102225
38079
523757
679484
83395
784233
32949
157300
281517
457916
233285
78958
440053
812039
103682 
21

Input 8
750
929290
162340
589576
821283
554862
27609 
227816
75186 
229235
435951
1836  
564917
858916
265529
539022
780819
274583
371675
451056
86480
108524
48562
416997
846010
328868
694276
92138
537710
543076
910593
471604
277240
924394
408629
849523
552973
144544
174393
385365
87971
871823
380556
741561
824042
143471
209421
589547
564900
777787
349445
737927
506753
216054
345301
544545
2616
72261
194320
55838
3575
639449
220157
281429
15034
251547
91855
639880
190635
195220
598685
646402
241783
785804
673068
515348
607243
533429
876957
862414
210790
318273
71527
777221
360238
40287
527718
109874
909244
187838
558306
884277
661008
732305
455945
846942
883318
475284
683687
467133
423321
37538
589723
430668
435097
473820
348815
627272
240460
401218
543269
739250
181213
445166
800337
738648
387987
210781
747074
631041
717205
707551
941367
495598
160153
931138
933681
295249
285665
251317
256398
899861
437893
453472
857770
750158
836078
60145
678654
63568
207885
565998
198862
583807
667306
722912
124935
530677
543960
699146
846231
593685
711830
427359
54541
453075
360744
945863
324418
223722
336622
903762
525861
470283
863637
309708
519869
589762
316846
611543
87028
217116
910452
336214
428690
150557
74991
246510
390639
754102
113250
123180
240072
406347
557451
503992
661951
282886
561361
586897
887751
864116
413864
415040
554833
559650
630294
182705
96097
521180
486662
429809
436195
384024
16288
202894
346972
102397
191523
508073
320542
188682
306352
273880
173526
75799
171736
41507
625461
733460
37409
549611
689006
731239
389839
837942
359984
654800
314544
18866
669430
948162
542323
398601
31092
261903
186005
417851
178158
303245
144266
875634
342311
317052
679253
643633
891258
823171
165163
422984
455371
756022
177217
610705
626262
923671
94978
691037
398118
157555
789553
284264
112490
456601
384044
595056
45276
338794
759870
11924
520054
781616
571356
818801
202623
13705
882166
726710
489361
642485
918178
575491
161793
909039
313895
92905
651133
398314
23102
876732
790232
16400
515540
412960
495548
572460
411985
714204
399242
101115
706643
544609
805435
87345
259184
123650
947026
130391
31115
694425
526753
710679
227961
467268
806662
868291
419860
677220
152760
909605
20766
196465
619056
180241
547240
667706
669091
73761
476517
245492
41405
20743
231361
51320
694070
598320
417009
80371
176983
888974
867058
332408
625065
263173
511800
714150
214238
869699
726967
231894
746114
168216
329832
503580
837853
88531
643620
818844
797187
701051
124507
916376
260039
792780
702758
831385
799479
266311
144111
151567
320177
83376
493036
26282
274577
819124
772208
191652
430594
594254
643027
669661
460765
443068
736855
259896
224907
167365
776841
369029
697369
181622
145698
266815
224364
237455
701664
537726
290825
817647
83014
107487
946099
874889
883653
264275
422910
190712
671424
459956
148673
47442
941270
521774
114319
866934
358178
930154
55959
648731
427821
262055
267908
814369
600
601101
106587
449633
645111
146834
525302
699031
742274
576275
827742
15609
445127
5150
379433
793603
632550
454483
206382
928363
93124
348782
833771
592736
70739
417981
508370
12362
292318
769453
108715
889731
533531
108452
464087
550361
650912
14094
783319
269573
542896
917921
664019
946836
619472
195881
855021
652014
450466
122311
141323
412290
480122
6365
624327
184105
150574
732612
119545
950375
484132
316549
612996
728039
174378
646211
336387
284630
474425
54909
151998
227683
426614
647146
655872
945761
313625
880178
286334
942850
111945
279113
542573
479710
196612
639147
461546
120782
556044
77915
431269
353649
277529
753867
706959
784040
556467
759665
920901
798411
563776
594921
677001
48287
370994
862388
842649
696222
502114
836103
420700
278302
10607
475753
777886
658709
416083
852701
462569
611733
857412
577699
441454
416367
69856
627772
124524
745069
287119
787543
679218
305069
937376
187231
109163
349659
376401
926072
334697
454149
538303
468729
819441
261448
384580
133569
14111
306037
360655
680393
584831
378123
66795
237149
493671
429547
940493
592624
55097
315015
321164
634089
800752
199749
255991
633827
212903
454564
617867
428489
424228
724249
265176
674293
76789
602830
856907
368460
567256
683378
288772
658075
814684
832147
557749
617006
603257
554453
308021
441289
119509
24599
459288
169149
167519
526794
866287
80937
195036
137036
359322
9896
939005
617504
883110
490008
23981
846781
857054
596722
147285
529590
559774
701119
387021
86048
428718
869405
29512
669833
458677
425508
347548
281060
300589
747713
395957
688927
91117
420378
679769
235341
359770
261466
194970
338104
333935
170690
804272
343244
693561
310088
504884
169834
881546
748044
101399
733849
358301
464316
909627
524720
910205
9017
471422
424063
351432
371790
442727
391049
359007
595455
399985
743386
481061
855688
60724
751666
722595
183708
243103
636524
131459
779898
750816
616721
74560
789904
44649
105576
282646
157136
724631
911441
662517
670544
944820
840287
137692
689379
664176
735116
854198
831127
490794
434031
938154
477806
5869
239223
615813
391194
277484
571043
691307
389837
486103
444211
225912
477058
218300
841973
16605
811284
842831
855852
340361
204687
209567
826077
661296
760757
269411
422306
703059
647216
182540
1

Input 9

51
940796
415771
162202
154401
747223
308699
262288
714500
8918
702229
494857
186493
457984
453414
202177
566908
434190
673200
687031
72753
213623
7182
502686
496634
263759
331850
731647
813179
348376
139866
594894
497735
465085
801443
624615
255372
580320
144720
118048
865111
200435
357542
232531
843907
231175
807780
597559
573582
903892
889590
874391
11
