
50
2
21
14814700
16587997
2228873
8276262
2601663
11162437
1994977
16488425
7630932
11135459
3214184
3753069
3660716
2542019
2064137
13594485
8481402
3820571
15793037
16280343
14392532
2446579
15849982
3929459
4862302
9357370
1092243
10269353
14897353
14012538
13541138
3799265
6420839
12757888
11951416
11651839
14705314
13225804
6755154
1704299
13094188
2092340
13465166
10217765
8263949
3578633
5659616
1600337
9638095
8149599
5176481
9397856
5778877
5219993
4604771
12615572
4424203
2907321
13635219
1131583
8316345
2990086
14795448
2782745
4993401
14556047
1061826
7423569
1576787
4444102
10958838
7927695
16517044
3599496
14656690
14776245
6855087
15319877
12120417
12210707
5712217
2628088
11223409
10029882
2274567
11713511
7258732
8533276
7668771
3427717
12341628
2203432
4348210
7557043
4776795
6794014
3956275
5299361
15820727
12285305
