25
4
11
14929036
53911323
33013161
56336164
22864926
46889948
63875914
68756274
60417948
45233332
56443562
8641118
47894576
27251581
49197819
43548288
23758981
49769982
55760883
42208920
67250621
12062299
63092862
66397924
18137115
49017288
3799961
44577848
21077491
11892078
29472615
62467455
5690954
32418557
50227970
23999628
8774972
26290011
58886669
34428925
17706822
67479992
38199419
28194695
4986396
42938184
50455219
6770555
10777043
61958079
59637326
35982943
58903180
20853202
25974083
56061883
17231709
15539569
32786875
63295498
31908012
26591364
44592367
55030273
15894528
31362851
32009460
9781293
44298826
63698406
1894786
39395034
67661263
25969724
43710665
49173114
19919367
1698206
29310872
30575287
28625651
3091207
9145215
12198431
21666744
11413047
1409959
67222198
46101658
33517000
57258560
47743880
31700441
66225492
60924370
63098654
7371025
32390465
12849143
24300504
