
Input 1

10
5
10
2719
2903
3746
3354
2397
3326
2280
2657
4087
2464
2155
511
918
916
3957
1568
1517
329
1971
3840
717
2547
2842
3286
1674
3366
1448
3937
1047
3089
3025
3354
917
1468
2672
2386
2984
2539
2526
392
3540
992
3203
874
1924
3709
781
1268
3315
2074

Input 2

50
2
21
14814700
16587997
2228873
8276262
2601663
11162437
1994977
16488425
7630932
11135459
3214184
3753069
3660716
2542019
2064137
13594485
8481402
3820571
15793037
16280343
14392532
2446579
15849982
3929459
4862302
9357370
1092243
10269353
14897353
14012538
13541138
3799265
6420839
12757888
11951416
11651839
14705314
13225804
6755154
1704299
13094188
2092340
13465166
10217765
8263949
3578633
5659616
1600337
9638095
8149599
5176481
9397856
5778877
5219993
4604771
12615572
4424203
2907321
13635219
1131583
8316345
2990086
14795448
2782745
4993401
14556047
1061826
7423569
1576787
4444102
10958838
7927695
16517044
3599496
14656690
14776245
6855087
15319877
12120417
12210707
5712217
2628088
11223409
10029882
2274567
11713511
7258732
8533276
7668771
3427717
12341628
2203432
4348210
7557043
4776795
6794014
3956275
5299361
15820727
12285305

Input 3
1
1
32
4294967295


Input 4

5
2
31
2828773073
3080650135
1236543348
3867976876
1312913550
2158505189
3488824358
643427347
2659742321
1879016438

Input 5
5
1
9
157
147
245
214
223

Input 6
5
1
8
157
147
245
214
223

Input 7

25
4
11
14929036
53911323
33013161
56336164
22864926
46889948
63875914
68756274
60417948
45233332
56443562
8641118
47894576
27251581
49197819
43548288
23758981
49769982
55760883
42208920
67250621
12062299
63092862
66397924
18137115
49017288
3799961
44577848
21077491
11892078
29472615
62467455
5690954
32418557
50227970
23999628
8774972
26290011
58886669
34428925
17706822
67479992
38199419
28194695
4986396
42938184
50455219
6770555
10777043
61958079
59637326
35982943
58903180
20853202
25974083
56061883
17231709
15539569
32786875
63295498
31908012
26591364
44592367
55030273
15894528
31362851
32009460
9781293
44298826
63698406
1894786
39395034
67661263
25969724
43710665
49173114
19919367
1698206
29310872
30575287
28625651
3091207
9145215
12198431
21666744
11413047
1409959
67222198
46101658
33517000
57258560
47743880
31700441
66225492
60924370
63098654
7371025
32390465
12849143
24300504

Input 8
10
10
11
14929036
53911323
33013161
56336164
22864926
46889948
63875914
68756274
60417948
45233332
56443562
8641118
47894576
27251581
49197819
43548288
23758981
49769982
55760883
42208920
67250621
12062299
63092862
66397924
18137115
49017288
3799961
44577848
21077491
11892078
29472615
62467455
5690954
32418557
50227970
23999628
8774972
26290011
58886669
34428925
17706822
67479992
38199419
28194695
4986396
42938184
50455219
6770555
10777043
61958079
59637326
35982943
58903180
20853202
25974083
56061883
17231709
15539569
32786875
63295498
31908012
26591364
44592367
55030273
15894528
31362851
32009460
9781293
44298826
63698406
1894786
39395034
67661263
25969724
43710665
49173114
19919367
1698206
30575287
28625651
3091207
9145215
12198431
11413047
1409959
67222198
46101658
33517000
57258560
47743880
31700441
66225492
60924370
63098654
7371025
32390465
12849143
24300504
11
1111

Input 9

4
4
1
2
3
4
5
6
7
8
9
456
46
324
43
234
644556
5467
547
